10	568	17	12	12	49	50	50	12	12	50	50	12	50	7	11	50	47	50	44		
Sedgwick Q.agrifolia 2006 granary pericarps			L0010	L0031	L0039	L0048	L0107	L0108	L0140	L0151	L0152	L0162	L0163	L0922	L0931	L0938	L0942	L0990	L0991		
PericarpID	Granary	0c11		0c19		Oe09		0i01		0m05		0m07		1c06		1c08		1f02		1g13	
L0010_001	L0010	213	231	238	240	192	192	206	208	220	226	201	221	242	244	271	271	190	190	181	191
L0010_002	L0010	213	231	238	240	192	192	206	208	220	226	201	221	242	244	271	271	190	190	181	191
L0010_003	L0010	213	231	238	240	192	192	206	208	220	226	201	221	242	244	271	271	190	190	181	191
L0010_004	L0010	213	231	238	240	192	192	206	208	220	226	201	221	242	244	271	271	190	190	181	191
L0010_005	L0010	213	231	238	240	192	192	206	208	220	226	201	221	242	244	271	271	190	190	181	191
L0010_006	L0010	213	231	238	240	192	192	206	208	220	226	201	221	242	244	271	271	190	190	181	191
L0010_007	L0010	213	231	238	240	192	192	206	208	220	226	201	221	242	244	271	271	190	190	181	191
L0010_008	L0010	213	231	238	240	192	192	206	208	220	226	201	221	242	244	271	271	190	190	181	191
L0010_009	L0010	213	231	238	240	192	192	206	208	220	226	201	221	242	244	271	271	190	190	181	191
L0010_010	L0010	213	231	238	240	192	192	206	208	220	226	201	221	242	244	271	271	190	190	181	191
L0010_011	L0010	213	231	238	240	192	192	206	208	220	226	201	221	242	244	271	271	190	190	181	191
L0010_012	L0010	213	231	238	240	192	192	206	208	220	226	201	221	242	244	271	271	190	190	181	191
L0031_025	L0031	213	213	226	240	192	194	192	200	212	220	199	201	236	236	271	271	190	190	185	185
L0031_026	L0031	213	215	226	240	194	198	200	226	220	220	199	201	236	236	271	273	180	190	185	191
L0031_027	L0031	213	213	226	240	192	194	192	200	212	220	199	201	236	236	271	271	190	190	185	185
L0031_028	L0031	213	213	226	236	194	200	200	204	210	218	199	205	236	242	271	271	180	190	185	191
L0031_029	L0031	213	213	226	240	192	194	192	200	212	220	199	201	236	236	271	271	190	190	185	185
L0031_030	L0031	213	215	226	240	194	198	200	226	220	220	199	201	236	236	271	273	180	190	185	191
L0031_031	L0031	213	213	236	242	194	198	206	222	206	210	199	199	234	236	269	331	180	190	185	189
L0031_032	L0031	213	215	226	240	194	198	200	226	220	220	199	201	236	236	271	273	180	190	185	191
L0031_033	L0031	213	213	236	242	194	198	206	222	206	210	199	199	234	236	269	331	180	190	185	189
L0031_034	L0031	213	213	236	242	194	198	206	222	206	210	199	199	234	236	269	331	180	190	185	189
L0031_035	L0031	213	213	236	242	194	198	206	222	206	210	199	199	234	236	269	331	180	190	185	189
L0031_036	L0031	213	213	236	242	194	198	206	222	206	210	199	199	234	236	269	331	180	190	185	189
L0039_037	L0039	213	213	238	238	192	192	196	208	212	220	201	201	236	244	271	331	190	190	185	185
L0039_038	L0039	213	213	238	238	192	192	196	208	212	220	201	201	236	244	271	331	190	190	185	185
L0039_039	L0039	213	213	238	238	192	192	196	208	212	220	201	201	236	244	271	331	190	190	185	185
L0039_040	L0039	213	213	238	238	192	192	196	208	212	220	201	201	236	244	271	331	190	190	185	185
L0039_041	L0039	213	215	238	238	192	194	204	244	202	214	199	201	236	240	273	273	182	190	189	189
L0039_042	L0039	213	213	238	238	192	192	196	208	212	220	201	201	236	244	271	331	190	190	185	185
L0039_043	L0039	213	213	238	238	192	192	196	208	212	220	201	201	236	244	271	331	190	190	185	185
L0039_044	L0039	213	213	238	238	192	192	196	208	212	220	201	201	236	244	271	331	190	190	185	185
L0039_045	L0039	213	213	238	238	192	192	196	208	212	220	201	201	236	244	271	331	190	190	185	185
L0039_046	L0039	213	215	238	238	192	194	204	244	202	214	199	201	236	240	273	273	182	190	189	189
L0039_047	L0039	213	213	238	238	192	194	204	206	210	210	201	205	234	242	271	273	190	190	189	189
L0039_048	L0039	213	213	238	238	192	192	196	208	212	220	201	201	236	244	271	331	190	190	185	185
L0039_049	L0039	213	215	238	238	192	194	204	244	202	214	199	201	236	240	273	273	182	190	189	189
L0039_050	L0039	213	213	238	238	192	192	196	208	212	220	201	201	236	244	271	331	190	190	185	185
L0039_051	L0039	213	213	238	238	192	192	196	208	212	220	201	201	236	244	271	331	190	190	185	185
L0039_052	L0039	213	215	238	238	192	194	204	244	202	214	199	201	236	240	273	273	182	190	189	189
L0039_053	L0039	213	213	238	238	192	192	196	208	212	220	201	201	236	244	271	331	190	190	185	185
L0039_054	L0039	213	213	238	238	192	192	196	208	212	220	201	201	236	244	271	331	190	190	185	185
L0039_055	L0039	213	213	238	238	192	192	196	208	212	220	201	201	236	244	271	331	190	190	185	185
L0039_056	L0039	213	213	238	238	192	192	196	208	212	220	201	201	236	244	271	331	190	190	185	185
L0039_057	L0039	213	213	238	238	192	192	196	208	212	220	201	201	236	244	271	331	190	190	185	185
L0039_058	L0039	213	213	238	238	192	192	196	208	212	220	201	201	236	244	271	331	190	190	185	185
L0039_059	L0039	213	215	238	238	192	194	204	244	202	214	199	201	236	240	273	273	182	190	189	189
L0039_060	L0039	213	213	238	238	192	192	196	208	212	220	201	201	236	244	271	331	190	190	185	185
L0039_061	L0039	213	213	238	238	192	192	196	208	212	220	201	201	236	244	271	331	190	190	185	185
L0039_062	L0039	213	213	238	238	192	192	196	208	212	220	201	201	236	244	271	331	190	190	185	185
L0039_063	L0039	213	213	238	238	192	192	196	208	212	220	201	201	236	244	271	331	190	190	185	185
L0039_064	L0039	213	213	238	238	192	192	196	208	212	220	201	201	236	244	271	331	190	190	185	185
L0039_065	L0039	213	213	238	242	194	196	196	204	210	212	199	205	236	240	287	287	190	190	185	189
L0039_066	L0039	213	213	238	238	192	192	196	208	212	220	201	201	236	244	271	331	190	190	185	185
L0039_067	L0039	213	213	238	238	192	192	196	208	212	220	201	201	236	244	271	331	190	190	185	185
L0039_068	L0039	213	215	238	238	192	194	204	244	202	214	199	201	236	240	273	273	182	190	189	189
L0039_069	L0039	213	213	238	238	192	192	196	208	212	220	201	201	236	244	271	331	190	190	185	185
L0039_070	L0039	213	217	240	244	194	196	196	200	206	210	199	201	234	242	269	273	190	190	189	191
L0039_071	L0039	213	215	238	238	192	194	204	244	202	214	199	201	236	240	273	273	182	190	189	189
L0039_072	L0039	213	213	238	238	192	192	196	208	212	220	201	201	236	244	271	331	190	190	185	185
L0039_073	L0039	213	213	238	238	192	192	196	208	212	220	201	201	236	244	271	331	190	190	185	185
L0039_074	L0039	213	213	238	238	192	192	196	208	212	220	201	201	236	244	271	331	190	190	185	185
L0039_075	L0039	213	213	238	238	192	192	196	208	212	220	201	201	236	244	271	331	190	190	185	185
L0039_076	L0039	213	213	238	238	192	192	196	208	212	220	201	201	236	244	271	331	190	190	185	185
L0039_077	L0039	213	213	238	238	192	192	196	208	212	220	201	201	236	244	271	331	190	190	185	185
L0039_078	L0039	213	215	238	238	192	194	204	244	202	214	199	201	236	240	273	273	182	190	189	189
L0039_079	L0039	213	213	238	238	192	192	196	208	212	220	201	201	236	244	271	331	190	190	185	185
L0039_080	L0039	213	215	238	238	192	194	204	244	202	214	199	201	236	240	273	273	182	190	189	189
L0039_081	L0039	213	213	238	238	192	192	196	208	212	220	201	201	236	244	271	331	190	190	185	185
L0039_082	L0039	213	213	238	238	192	192	196	208	212	220	201	201	236	244	271	331	190	190	185	185
L0039_083	L0039	213	215	238	238	192	194	204	244	202	214	199	201	236	240	273	273	182	190	189	189
L0039_084	L0039	213	215	238	238	192	194	204	244	202	214	199	201	236	240	273	273	182	190	189	189
L0039_085	L0039	213	217	240	244	194	196	196	200	206	210	199	201	234	242	269	273	190	190	189	191
L0048_086	L0048	213	213	226	238	196	198	192	254	202	202	199	205	236	236	269	269	190	190	185	189
L0048_087	L0048	215	225	226	234	192	194	204	242	214	214	199	201	236	242	273	273	172	190	185	187
L0048_088	L0048	215	225	226	234	192	194	204	242	214	214	199	201	236	242	273	273	172	190	185	187
L0048_089	L0048	213	213	226	238	196	198	192	254	202	202	199	205	236	236	269	269	190	190	185	189
L0048_090	L0048	213	213	226	238	196	198	192	254	202	202	199	205	236	236	269	269	190	190	185	189
L0048_091	L0048	213	213	226	238	196	198	192	254	202	202	199	205	236	236	269	269	190	190	185	189
L0048_092	L0048	213	213	226	238	196	198	192	254	202	202	199	205	236	236	269	269	190	190	185	189
L0048_093	L0048	213	213	226	238	196	198	192	254	202	202	199	205	236	236	269	269	190	190	185	189
L0048_094	L0048	213	213	226	238	196	198	192	254	202	202	199	205	236	236	269	269	190	190	185	189
L0048_095	L0048	213	213	226	238	196	198	192	254	202	202	199	205	236	236	269	269	190	190	185	189
L0048_096	L0048	213	213	226	238	196	198	192	254	202	202	199	205	236	236	269	269	190	190	185	189
L0048_097	L0048	213	213	226	238	196	198	192	254	202	202	199	205	236	236	269	269	190	190	185	189
L0048_098	L0048	213	213	226	238	196	198	192	254	202	202	199	205	236	236	269	269	190	190	185	189
L0048_099	L0048	213	213	226	238	196	198	192	254	202	202	199	205	236	236	269	269	190	190	185	189
L0048_100	L0048	213	213	226	238	196	198	192	254	202	202	199	205	236	236	269	269	190	190	185	189
L0048_101	L0048	213	213	226	238	196	198	192	254	202	202	199	205	236	236	269	269	190	190	185	189
L0048_102	L0048	213	213	226	238	196	198	192	254	202	202	199	205	236	236	269	269	190	190	185	189
L0048_103	L0048	213	213	226	238	196	198	192	254	202	202	199	205	236	236	269	269	190	190	185	189
L0048_104	L0048	215	225	226	234	192	194	204	242	214	214	199	201	236	242	273	273	172	190	185	187
L0048_105	L0048	213	213	226	238	196	198	192	254	202	202	199	205	236	236	269	269	190	190	185	189
L0048_106	L0048	213	213	226	238	196	198	192	254	202	202	199	205	236	236	269	269	190	190	185	189
L0048_107	L0048	213	213	226	238	196	198	192	254	202	202	199	205	236	236	269	269	190	190	185	189
L0048_108	L0048	215	225	226	234	192	194	204	242	214	214	199	201	236	242	273	273	172	190	185	187
L0048_109	L0048	213	213	238	242	190	198	208	254	202	214	199	201	236	240	271	273	190	190	185	189
L0048_110	L0048	213	213	226	238	196	198	192	254	202	202	199	205	236	236	269	269	190	190	185	189
L0048_111	L0048	213	213	226	238	196	198	192	254	202	202	199	205	236	236	269	269	190	190	185	189
L0048_112	L0048	213	213	238	242	190	198	208	254	202	214	199	201	236	240	271	273	190	190	185	189
L0048_113	L0048	213	213	226	238	196	198	192	254	202	202	199	205	236	236	269	269	190	190	185	189
L0048_114	L0048	215	225	226	234	192	194	204	242	214	214	199	201	236	242	273	273	172	190	185	187
L0048_115	L0048	213	213	226	238	196	198	192	254	202	202	199	205	236	236	269	269	190	190	185	189
L0048_116	L0048	213	213	226	238	196	198	192	254	202	202	199	205	236	236	269	269	190	190	185	189
L0048_117	L0048	213	213	226	238	196	198	192	254	202	202	199	205	236	236	269	269	190	190	185	189
L0048_118	L0048	213	213	226	238	196	198	192	254	202	202	199	205	236	236	269	269	190	190	185	189
L0048_119	L0048	215	225	226	234	192	194	204	242	214	214	199	201	236	242	273	273	172	190	185	187
L0048_120	L0048	213	213	226	238	196	198	192	254	202	202	199	205	236	236	269	269	190	190	185	189
L0048_121	L0048	213	213	226	238	196	198	192	254	202	202	199	205	236	236	269	269	190	190	185	189
L0048_122	L0048	215	225	226	234	192	194	204	242	214	214	199	201	236	242	273	273	172	190	185	187
L0048_123	L0048	213	213	226	238	196	198	192	254	202	202	199	205	236	236	269	269	190	190	185	189
L0048_124	L0048	213	213	226	238	196	198	192	254	202	202	199	205	236	236	269	269	190	190	185	189
L0048_125	L0048	213	213	226	238	196	198	192	254	202	202	199	205	236	236	269	269	190	190	185	189
L0048_126	L0048	213	215	240	240	190	194	204	206	206	210	199	201	240	242	273	273	180	190	185	185
L0048_127	L0048	213	215	226	238	190	196	192	196	202	220	199	201	236	236	271	273	190	190	189	191
L0048_128	L0048	213	213	226	238	196	198	192	254	202	202	199	205	236	236	269	269	190	190	185	189
L0048_129	L0048	213	213	226	238	196	198	192	254	202	202	199	205	236	236	269	269	190	190	185	189
L0048_130	L0048	213	213	226	238	196	198	192	254	202	202	199	205	236	236	269	269	190	190	185	189
L0048_131	L0048	215	225	226	234	192	194	204	242	214	214	199	201	236	242	273	273	172	190	185	187
L0048_132	L0048	213	213	226	238	196	198	192	254	202	202	199	205	236	236	269	269	190	190	185	189
L0048_133	L0048	213	213	226	238	196	198	192	254	202	202	199	205	236	236	269	269	190	190	185	189
L0048_134	L0048	215	225	226	234	192	194	204	242	214	214	199	201	236	242	273	273	172	190	185	187
L0048_135	L0048	213	213	226	238	196	198	192	254	202	202	199	205	236	236	269	269	190	190	185	189
L0107_136	L0107	215	217	240	240	190	196	200	204	206	214	199	205	236	240	269	271	180	182	181	185
L0107_137	L0107	215	217	240	240	190	196	200	204	206	214	199	205	236	240	269	271	180	182	181	185
L0107_138	L0107	215	217	240	240	190	196	200	204	206	214	199	205	236	240	269	271	180	182	181	185
L0107_139	L0107	215	217	240	240	190	196	200	204	206	214	199	205	236	240	269	271	180	182	181	185
L0107_140	L0107	215	217	240	240	190	196	200	204	206	214	199	205	236	240	269	271	180	182	181	185
L0107_141	L0107	215	217	240	240	190	196	200	204	206	214	199	205	236	240	269	271	180	182	181	185
L0107_142	L0107	215	217	240	240	190	196	200	204	206	214	199	205	236	240	269	271	180	182	181	185
L0107_143	L0107	215	217	240	240	190	196	200	204	206	214	199	205	236	240	269	271	180	182	181	185
L0107_144	L0107	215	217	240	240	190	196	200	204	206	214	199	205	236	240	269	271	180	182	181	185
L0107_145	L0107	215	217	240	240	190	196	200	204	206	214	199	205	236	240	269	271	180	182	181	185
L0107_146	L0107	215	217	240	240	190	196	200	204	206	214	199	205	236	240	269	271	180	182	181	185
L0107_147	L0107	215	217	240	240	190	196	200	204	206	214	199	205	236	240	269	271	180	182	181	185
L0107_148	L0107	215	217	240	240	190	196	200	204	206	214	199	205	236	240	269	271	180	182	181	185
L0107_149	L0107	215	217	240	240	190	196	200	204	206	214	199	205	236	240	269	271	180	182	181	185
L0107_150	L0107	215	217	240	240	190	196	200	204	206	214	199	205	236	240	269	271	180	182	181	185
L0107_151	L0107	215	217	240	240	190	196	200	204	206	214	199	205	236	240	269	271	180	182	181	185
L0107_152	L0107	213	215	228	234	192	212	204	206	210	220	199	201	236	242	273	333	172	172	185	189
L0107_153	L0107	215	217	240	240	190	196	200	204	206	214	199	205	236	240	269	271	180	182	181	185
L0107_154	L0107	215	217	240	240	190	196	200	204	206	214	199	205	236	240	269	271	180	182	181	185
L0107_155	L0107	215	217	240	240	190	196	200	204	206	214	199	205	236	240	269	271	180	182	181	185
L0107_156	L0107	213	213	242	250	194	194	196	204	210	214	199	201	236	236	273	273	190	190	185	203
L0107_157	L0107	215	217	240	240	190	196	200	204	206	214	199	205	236	240	269	271	180	182	181	185
L0107_158	L0107	215	217	240	240	190	196	200	204	206	214	199	205	236	240	269	271	180	182	181	185
L0107_159	L0107	215	217	240	240	190	196	200	204	206	214	199	205	236	240	269	271	180	182	181	185
L0107_160	L0107	215	217	240	240	190	196	200	204	206	214	199	205	236	240	269	271	180	182	181	185
L0107_161	L0107	215	215	238	238	196	196	196	204	216	220	199	201	236	240	271	271	180	190	189	189
L0107_162	L0107	215	217	240	240	190	196	200	204	206	214	199	205	236	240	269	271	180	182	181	185
L0107_163	L0107	215	217	240	240	190	196	200	204	206	214	199	205	236	240	269	271	180	182	181	185
L0107_164	L0107	215	217	240	240	190	196	200	204	206	214	199	205	236	240	269	271	180	182	181	185
L0107_165	L0107	215	217	240	240	190	196	200	204	206	214	199	205	236	240	269	271	180	182	181	185
L0107_166	L0107	215	217	240	240	190	196	200	204	206	214	199	205	236	240	269	271	180	182	181	185
L0107_167	L0107	215	217	240	240	190	196	200	204	206	214	199	205	236	240	269	271	180	182	181	185
L0107_168	L0107	215	217	240	240	190	196	200	204	206	214	199	205	236	240	269	271	180	182	181	185
L0107_169	L0107	215	217	240	240	190	196	200	204	206	214	199	205	236	240	269	271	180	182	181	185
L0107_170	L0107	215	217	240	240	190	196	200	204	206	214	199	205	236	240	269	271	180	182	181	185
L0107_171	L0107	215	217	240	240	190	196	200	204	206	214	199	205	236	240	269	271	180	182	181	185
L0107_172	L0107	215	217	240	240	190	196	200	204	206	214	199	205	236	240	269	271	180	182	181	185
L0107_173	L0107	215	217	240	240	190	196	200	204	206	214	199	205	236	240	269	271	180	182	181	185
L0107_174	L0107	215	217	240	240	190	196	200	204	206	214	199	205	236	240	269	271	180	182	181	185
L0107_175	L0107	215	217	240	240	190	196	200	204	206	214	199	205	236	240	269	271	180	182	181	185
L0107_176	L0107	215	217	240	240	190	196	200	204	206	214	199	205	236	240	269	271	180	182	181	185
L0107_177	L0107	215	217	240	240	190	196	200	204	206	214	199	205	236	240	269	271	180	182	181	185
L0107_178	L0107	215	217	240	240	190	196	200	204	206	214	199	205	236	240	269	271	180	182	181	185
L0107_179	L0107	215	217	240	240	190	196	200	204	206	214	199	205	236	240	269	271	180	182	181	185
L0107_180	L0107	215	217	240	240	190	196	200	204	206	214	199	205	236	240	269	271	180	182	181	185
L0107_181	L0107	215	217	240	240	190	196	200	204	206	214	199	205	236	240	269	271	180	182	181	185
L0107_182	L0107	215	217	240	240	190	196	200	204	206	214	199	205	236	240	269	271	180	182	181	185
L0107_183	L0107	215	217	240	240	190	196	200	204	206	214	199	205	236	240	269	271	180	182	181	185
L0107_184	L0107	215	217	240	240	190	196	200	204	206	214	199	205	236	240	269	271	180	182	181	185
L0107_185	L0107	215	217	240	240	190	196	200	204	206	214	199	205	236	240	269	271	180	182	181	185
L0108_013	L0108	215	217	240	240	190	196	200	204	206	214	199	205	236	240	269	271	180	182	181	185
L0108_014	L0108	215	217	240	240	190	196	200	204	206	214	199	205	236	240	269	271	180	182	181	185
L0108_015	L0108	215	217	240	240	190	196	200	204	206	214	199	205	236	240	269	271	180	182	181	185
L0108_016	L0108	215	217	240	240	190	196	200	204	206	214	199	205	236	240	269	271	180	182	181	185
L0108_017	L0108	215	217	240	240	190	196	200	204	206	214	199	205	236	240	269	271	180	182	181	185
L0108_018	L0108	215	217	240	240	190	196	200	204	206	214	199	205	236	240	269	271	180	182	181	185
L0108_019	L0108	215	217	240	240	190	196	200	204	206	214	199	205	236	240	269	271	180	182	181	185
L0108_020	L0108	215	217	240	240	190	196	200	204	206	214	199	205	236	240	269	271	180	182	181	185
L0108_021	L0108	215	217	240	240	190	196	200	204	206	214	199	205	236	240	269	271	180	182	181	185
L0108_022	L0108	215	217	240	240	190	196	200	204	206	214	199	205	236	240	269	271	180	182	181	185
L0108_023	L0108	215	217	240	240	190	196	200	204	206	214	199	205	236	240	269	271	180	182	181	185
L0108_024	L0108	215	217	240	240	190	196	200	204	206	214	199	205	236	240	269	271	180	182	181	185
L0140_186	L0140	217	217	226	238	192	204	204	204	210	210	201	207	240	242	273	273	184	190	185	189
L0140_187	L0140	213	213	234	238	184	192	192	248	202	216	201	203	236	244	273	273	180	190	185	185
L0140_188	L0140	213	213	226	238	192	194	204	206	210	220	199	203	240	240	273	273	182	190	189	191
L0140_189	L0140	217	217	226	238	192	204	204	204	210	210	201	207	240	242	273	273	184	190	185	189
L0140_190	L0140	213	213	234	238	184	192	192	248	202	216	201	203	236	244	273	273	180	190	185	185
L0140_191	L0140	217	217	226	238	192	204	204	204	210	210	201	207	240	242	273	273	184	190	185	189
L0140_192	L0140	213	213	226	238	192	194	204	206	210	220	199	203	240	240	273	273	182	190	189	191
L0140_193	L0140	217	217	226	238	192	204	204	204	210	210	201	207	240	242	273	273	184	190	185	189
L0140_194	L0140	213	215	226	244	192	200	204	242	212	214	199	201	238	242	269	273	182	190	185	189
L0140_195	L0140	225	225	226	226	192	196	200	208	202	210	199	199	234	242	269	273	182	190	187	191
L0140_196	L0140	213	215	226	242	190	194	196	206	202	210	199	201	236	240	269	273	190	190	187	189
L0140_197	L0140	213	213	234	238	184	192	192	248	202	216	201	203	236	244	273	273	180	190	185	185
L0151_198	L0151	215	233	236	238	194	194	206	248	210	214	199	201	236	240	331	333	180	190	185	189
L0151_199	L0151	215	233	236	238	194	194	206	248	210	214	199	201	236	240	331	333	180	190	185	189
L0151_200	L0151	215	233	236	238	194	194	206	248	210	214	199	201	236	240	331	333	180	190	185	189
L0151_201	L0151	215	233	236	238	194	194	206	248	210	214	199	201	236	240	331	333	180	190	185	189
L0151_202	L0151	215	233	236	238	194	194	206	248	210	214	199	201	236	240	331	333	180	190	185	189
L0151_203	L0151	215	233	236	238	194	194	206	248	210	214	199	201	236	240	331	333	180	190	185	189
L0151_204	L0151	215	233	236	238	194	194	206	248	210	214	199	201	236	240	331	333	180	190	185	189
L0151_205	L0151	215	233	236	238	194	194	206	248	210	214	199	201	236	240	331	333	180	190	185	189
L0151_206	L0151	215	233	236	238	194	194	206	248	210	214	199	201	236	240	331	333	180	190	185	189
L0151_207	L0151	215	233	236	238	194	194	206	248	210	214	199	201	236	240	331	333	180	190	185	189
L0151_208	L0151	215	233	236	238	194	194	206	248	210	214	199	201	236	240	331	333	180	190	185	189
L0151_209	L0151	215	233	236	238	194	194	206	248	210	214	199	201	236	240	331	333	180	190	185	189
L0151_210	L0151	215	233	236	238	194	194	206	248	210	214	199	201	236	240	331	333	180	190	185	189
L0151_211	L0151	215	233	236	238	194	194	206	248	210	214	199	201	236	240	331	333	180	190	185	189
L0151_212	L0151	215	233	236	238	194	194	206	248	210	214	199	201	236	240	331	333	180	190	185	189
L0151_213	L0151	215	233	236	238	194	194	206	248	210	214	199	201	236	240	331	333	180	190	185	189
L0151_214	L0151	215	233	236	238	194	194	206	248	210	214	199	201	236	240	331	333	180	190	185	189
L0151_215	L0151	215	233	236	238	194	194	206	248	210	214	199	201	236	240	331	333	180	190	185	189
L0151_216	L0151	215	233	236	238	194	194	206	248	210	214	199	201	236	240	331	333	180	190	185	189
L0151_217	L0151	215	233	236	238	194	194	206	248	210	214	199	201	236	240	331	333	180	190	185	189
L0151_218	L0151	215	233	236	238	194	194	206	248	210	214	199	201	236	240	331	333	180	190	185	189
L0151_219	L0151	215	233	236	238	194	194	206	248	210	214	199	201	236	240	331	333	180	190	185	189
L0151_220	L0151	215	233	236	238	194	194	206	248	210	214	199	201	236	240	331	333	180	190	185	189
L0151_221	L0151	215	233	236	238	194	194	206	248	210	214	199	201	236	240	331	333	180	190	185	189
L0151_222	L0151	215	233	236	238	194	194	206	248	210	214	199	201	236	240	331	333	180	190	185	189
L0151_223	L0151	215	233	236	238	194	194	206	248	210	214	199	201	236	240	331	333	180	190	185	189
L0151_224	L0151	215	233	236	238	194	194	206	248	210	214	199	201	236	240	331	333	180	190	185	189
L0151_225	L0151	215	233	236	238	194	194	206	248	210	214	199	201	236	240	331	333	180	190	185	189
L0151_226	L0151	215	233	236	238	194	194	206	248	210	214	199	201	236	240	331	333	180	190	185	189
L0151_227	L0151	215	233	236	238	194	194	206	248	210	214	199	201	236	240	331	333	180	190	185	189
L0151_228	L0151	215	233	236	238	194	194	206	248	210	214	199	201	236	240	331	333	180	190	185	189
L0151_229	L0151	215	233	236	238	194	194	206	248	210	214	199	201	236	240	331	333	180	190	185	189
L0151_230	L0151	215	233	236	238	194	194	206	248	210	214	199	201	236	240	331	333	180	190	185	189
L0151_231	L0151	215	233	236	238	194	194	206	248	210	214	199	201	236	240	331	333	180	190	185	189
L0151_232	L0151	215	233	236	238	194	194	206	248	210	214	199	201	236	240	331	333	180	190	185	189
L0151_233	L0151	215	233	236	238	194	194	206	248	210	214	199	201	236	240	331	333	180	190	185	189
L0151_234	L0151	215	233	236	238	194	194	206	248	210	214	199	201	236	240	331	333	180	190	185	189
L0151_235	L0151	215	233	236	238	194	194	206	248	210	214	199	201	236	240	331	333	180	190	185	189
L0151_236	L0151	215	233	236	238	194	194	206	248	210	214	199	201	236	240	331	333	180	190	185	189
L0151_237	L0151	215	233	236	238	194	194	206	248	210	214	199	201	236	240	331	333	180	190	185	189
L0151_238	L0151	215	233	236	238	194	194	206	248	210	214	199	201	236	240	331	333	180	190	185	189
L0151_239	L0151	215	233	236	238	194	194	206	248	210	214	199	201	236	240	331	333	180	190	185	189
L0151_240	L0151	215	233	236	238	194	194	206	248	210	214	199	201	236	240	331	333	180	190	185	189
L0151_241	L0151	215	233	236	238	194	194	206	248	210	214	199	201	236	240	331	333	180	190	185	189
L0151_242	L0151	215	233	236	238	194	194	206	248	210	214	199	201	236	240	331	333	180	190	185	189
L0151_243	L0151	215	233	236	238	194	194	206	248	210	214	199	201	236	240	331	333	180	190	185	189
L0151_244	L0151	215	233	236	238	194	194	206	248	210	214	199	201	236	240	331	333	180	190	185	189
L0151_245	L0151	215	233	236	238	194	194	206	248	210	214	199	201	236	240	331	333	180	190	185	189
L0151_246	L0151	215	233	236	238	194	194	206	248	210	214	199	201	236	240	331	333	180	190	185	189
L0151_247	L0151	215	233	236	238	194	194	206	248	210	214	199	201	236	240	331	333	180	190	185	189
L0152_248	L0152	213	215	226	234	198	200	204	206	202	210	199	199	234	244	273	273	180	180	189	191
L0152_249	L0152	213	215	228	236	194	196	196	200	206	220	201	201	238	244	273	273	190	190	187	191
L0152_250	L0152	213	215	226	234	198	200	204	206	202	210	199	199	234	244	273	273	180	180	189	191
L0152_251	L0152	213	215	226	234	198	200	204	206	202	210	199	199	234	244	273	273	180	180	189	191
L0152_252	L0152	213	215	226	240	194	198	200	226	220	220	199	201	236	236	271	273	180	190	185	191
L0152_253	L0152	213	215	226	240	194	198	200	226	220	220	199	201	236	236	271	273	180	190	185	191
L0152_254	L0152	213	215	226	234	198	200	204	206	202	210	199	199	234	244	273	273	180	180	189	191
L0152_255	L0152	213	215	226	234	198	200	204	206	202	210	199	199	234	244	273	273	180	180	189	191
L0152_256	L0152	213	215	226	240	194	198	200	226	220	220	199	201	236	236	271	273	180	190	185	191
L0152_257	L0152	213	215	226	234	198	200	204	206	202	210	199	199	234	244	273	273	180	180	189	191
L0152_258	L0152	213	215	226	234	198	200	204	206	202	210	199	199	234	244	273	273	180	180	189	191
L0152_259	L0152	213	215	226	234	198	200	204	206	202	210	199	199	234	244	273	273	180	180	189	191
L0152_260	L0152	213	215	226	234	198	200	204	206	202	210	199	199	234	244	273	273	180	180	189	191
L0152_261	L0152	213	215	226	234	198	200	204	206	202	210	199	199	234	244	273	273	180	180	189	191
L0152_262	L0152	213	215	226	234	198	200	204	206	202	210	199	199	234	244	273	273	180	180	189	191
L0152_263	L0152	213	215	226	234	198	200	204	206	202	210	199	199	234	244	273	273	180	180	189	191
L0152_264	L0152	213	215	226	234	198	200	204	206	202	210	199	199	234	244	273	273	180	180	189	191
L0152_265	L0152	213	215	228	236	194	196	196	200	206	220	201	201	238	244	273	273	190	190	187	191
L0152_266	L0152	213	215	226	234	198	200	204	206	202	210	199	199	234	244	273	273	180	180	189	191
L0152_267	L0152	213	215	226	234	198	200	204	206	202	210	199	199	234	244	273	273	180	180	189	191
L0152_268	L0152	213	215	226	240	194	198	200	226	220	220	199	201	236	236	271	273	180	190	185	191
L0152_269	L0152	213	215	226	234	198	200	204	206	202	210	199	199	234	244	273	273	180	180	189	191
L0152_270	L0152	213	215	226	234	198	200	204	206	202	210	199	199	234	244	273	273	180	180	189	191
L0152_271	L0152	213	215	228	236	194	196	196	200	206	220	201	201	238	244	273	273	190	190	187	191
L0152_272	L0152	213	215	226	234	198	200	204	206	202	210	199	199	234	244	273	273	180	180	189	191
L0152_273	L0152	213	215	226	234	198	200	204	206	202	210	199	199	234	244	273	273	180	180	189	191
L0152_274	L0152	213	215	226	234	198	200	204	206	202	210	199	199	234	244	273	273	180	180	189	191
L0152_275	L0152	213	215	226	234	198	200	204	206	202	210	199	199	234	244	273	273	180	180	189	191
L0152_276	L0152	213	215	226	234	198	200	204	206	202	210	199	199	234	244	273	273	180	180	189	191
L0152_277	L0152	213	215	228	236	194	196	196	200	206	220	201	201	238	244	273	273	190	190	187	191
L0152_278	L0152	213	215	226	234	198	200	204	206	202	210	199	199	234	244	273	273	180	180	189	191
L0152_279	L0152	213	215	228	236	194	196	196	200	206	220	201	201	238	244	273	273	190	190	187	191
L0152_280	L0152	213	217	234	234	192	196	204	206	210	212	199	201	238	244	271	273	190	190	189	189
L0152_281	L0152	213	215	226	240	194	198	200	226	220	220	199	201	236	236	271	273	180	190	185	191
L0152_282	L0152	213	215	226	234	198	200	204	206	202	210	199	199	234	244	273	273	180	180	189	191
L0152_283	L0152	213	215	226	234	198	200	204	206	202	210	199	199	234	244	273	273	180	180	189	191
L0152_284	L0152	213	215	226	234	198	200	204	206	202	210	199	199	234	244	273	273	180	180	189	191
L0152_285	L0152	213	215	228	236	194	196	196	200	206	220	201	201	238	244	273	273	190	190	187	191
L0152_286	L0152	213	215	226	234	198	200	204	206	202	210	199	199	234	244	273	273	180	180	189	191
L0152_287	L0152	213	215	226	240	194	198	200	226	220	220	199	201	236	236	271	273	180	190	185	191
L0152_288	L0152	213	215	226	234	198	200	204	206	202	210	199	199	234	244	273	273	180	180	189	191
L0152_289	L0152	213	215	226	240	194	198	200	226	220	220	199	201	236	236	271	273	180	190	185	191
L0152_290	L0152	213	215	228	236	194	196	196	200	206	220	201	201	238	244	273	273	190	190	187	191
L0152_291	L0152	213	215	226	234	198	200	204	206	202	210	199	199	234	244	273	273	180	180	189	191
L0152_292	L0152	213	215	226	234	198	200	204	206	202	210	199	199	234	244	273	273	180	180	189	191
L0152_293	L0152	213	215	226	234	198	200	204	206	202	210	199	199	234	244	273	273	180	180	189	191
L0152_294	L0152	213	215	226	234	198	200	204	206	202	210	199	199	234	244	273	273	180	180	189	191
L0152_295	L0152	213	215	226	240	194	198	200	226	220	220	199	201	236	236	271	273	180	190	185	191
L0152_296	L0152	213	215	226	234	198	200	204	206	202	210	199	199	234	244	273	273	180	180	189	191
L0152_297	L0152	213	215	226	234	198	200	204	206	202	210	199	199	234	244	273	273	180	180	189	191
L0162_298	L0162	207	213	226	234	190	208	196	208	206	210	199	201	236	236	271	273	190	190	183	185
L0162_299	L0162	207	213	226	234	190	208	196	208	206	210	199	201	236	236	271	273	190	190	183	185
L0162_300	L0162	207	213	226	234	190	208	196	208	206	210	199	201	236	236	271	273	190	190	183	185
L0162_301	L0162	207	213	226	234	190	208	196	208	206	210	199	201	236	236	271	273	190	190	183	185
L0162_302	L0162	207	213	226	234	190	208	196	208	206	210	199	201	236	236	271	273	190	190	183	185
L0162_303	L0162	207	213	226	234	190	208	196	208	206	210	199	201	236	236	271	273	190	190	183	185
L0162_304	L0162	207	213	226	234	190	208	196	208	206	210	199	201	236	236	271	273	190	190	183	185
L0162_305	L0162	207	213	226	234	190	208	196	208	206	210	199	201	236	236	271	273	190	190	183	185
L0162_306	L0162	207	213	226	234	190	208	196	208	206	210	199	201	236	236	271	273	190	190	183	185
L0162_307	L0162	207	213	226	234	190	208	196	208	206	210	199	201	236	236	271	273	190	190	183	185
L0162_308	L0162	207	213	226	234	190	208	196	208	206	210	199	201	236	236	271	273	190	190	183	185
L0162_309	L0162	207	213	226	234	190	208	196	208	206	210	199	201	236	236	271	273	190	190	183	185
L0163_310	L0163	213	215	238	238	192	194	200	204	202	202	201	221	240	242	271	273	180	180	185	187
L0163_311	L0163	213	215	236	242	196	196	204	208	210	216	201	221	234	240	273	273	180	190	185	185
L0163_312	L0163	213	215	236	242	196	196	204	208	210	216	201	221	234	240	273	273	180	190	185	185
L0163_313	L0163	213	215	236	242	196	196	204	208	210	216	201	221	234	240	273	273	180	190	185	185
L0163_314	L0163	213	215	236	242	196	196	204	208	210	216	201	221	234	240	273	273	180	190	185	185
L0163_315	L0163	213	215	236	242	196	196	204	208	210	216	201	221	234	240	273	273	180	190	185	185
L0163_316	L0163	207	213	226	234	190	208	196	208	206	210	199	201	236	236	271	273	190	190	183	185
L0163_317	L0163	207	213	226	234	190	208	196	208	206	210	199	201	236	236	271	273	190	190	183	185
L0163_318	L0163	213	213	234	236	190	192	196	204	202	216	199	201	236	240	273	331	172	184	191	191
L0163_319	L0163	207	213	226	234	190	208	196	208	206	210	199	201	236	236	271	273	190	190	183	185
L0163_320	L0163	213	215	236	242	196	196	204	208	210	216	201	221	234	240	273	273	180	190	185	185
L0163_321	L0163	213	213	234	236	190	192	196	204	202	216	199	201	236	240	273	331	172	184	191	191
L0163_322	L0163	213	215	236	242	196	196	204	208	210	216	201	221	234	240	273	273	180	190	185	185
L0163_323	L0163	213	215	226	234	190	192	204	262	210	212	199	201	236	236	273	273	180	190	189	191
L0163_324	L0163	213	215	238	238	192	194	200	204	202	202	201	221	240	242	271	273	180	180	185	187
L0163_325	L0163	213	215	236	242	196	196	204	208	210	216	201	221	234	240	273	273	180	190	185	185
L0163_326	L0163	213	215	236	242	196	196	204	208	210	216	201	221	234	240	273	273	180	190	185	185
L0163_327	L0163	213	215	236	242	196	196	204	208	210	216	201	221	234	240	273	273	180	190	185	185
L0163_328	L0163	207	213	226	234	190	208	196	208	206	210	199	201	236	236	271	273	190	190	183	185
L0163_329	L0163	213	215	236	242	196	196	204	208	210	216	201	221	234	240	273	273	180	190	185	185
L0163_330	L0163	213	215	236	242	196	196	204	208	210	216	201	221	234	240	273	273	180	190	185	185
L0163_331	L0163	213	215	236	242	196	196	204	208	210	216	201	221	234	240	273	273	180	190	185	185
L0163_332	L0163	213	215	226	234	190	192	204	262	210	212	199	201	236	236	273	273	180	190	189	191
L0163_333	L0163	213	215	236	242	196	196	204	208	210	216	201	221	234	240	273	273	180	190	185	185
L0163_334	L0163	213	215	236	242	196	196	204	208	210	216	201	221	234	240	273	273	180	190	185	185
L0163_335	L0163	213	215	236	242	196	196	204	208	210	216	201	221	234	240	273	273	180	190	185	185
L0163_336	L0163	213	215	236	242	196	196	204	208	210	216	201	221	234	240	273	273	180	190	185	185
L0163_337	L0163	213	215	236	242	196	196	204	208	210	216	201	221	234	240	273	273	180	190	185	185
L0163_338	L0163	213	215	236	242	196	196	204	208	210	216	201	221	234	240	273	273	180	190	185	185
L0163_339	L0163	213	215	236	242	196	196	204	208	210	216	201	221	234	240	273	273	180	190	185	185
L0163_340	L0163	213	215	236	242	196	196	204	208	210	216	201	221	234	240	273	273	180	190	185	185
L0163_341	L0163	213	215	236	242	196	196	204	208	210	216	201	221	234	240	273	273	180	190	185	185
L0163_342	L0163	213	215	236	242	196	196	204	208	210	216	201	221	234	240	273	273	180	190	185	185
L0163_343	L0163	213	215	236	242	196	196	204	208	210	216	201	221	234	240	273	273	180	190	185	185
L0163_344	L0163	213	215	236	242	196	196	204	208	210	216	201	221	234	240	273	273	180	190	185	185
L0163_345	L0163	213	215	236	242	196	196	204	208	210	216	201	221	234	240	273	273	180	190	185	185
L0163_346	L0163	213	215	236	242	196	196	204	208	210	216	201	221	234	240	273	273	180	190	185	185
L0163_347	L0163	213	215	236	242	196	196	204	208	210	216	201	221	234	240	273	273	180	190	185	185
L0163_348	L0163	213	215	236	242	196	196	204	208	210	216	201	221	234	240	273	273	180	190	185	185
L0163_349	L0163	213	215	236	242	196	196	204	208	210	216	201	221	234	240	273	273	180	190	185	185
L0163_350	L0163	213	215	236	242	196	196	204	208	210	216	201	221	234	240	273	273	180	190	185	185
L0163_351	L0163	213	215	236	242	196	196	204	208	210	216	201	221	234	240	273	273	180	190	185	185
L0163_352	L0163	213	215	236	242	196	196	204	208	210	216	201	221	234	240	273	273	180	190	185	185
L0163_353	L0163	213	215	236	242	196	196	204	208	210	216	201	221	234	240	273	273	180	190	185	185
L0163_354	L0163	213	215	236	242	196	196	204	208	210	216	201	221	234	240	273	273	180	190	185	185
L0163_355	L0163	213	215	236	242	196	196	204	208	210	216	201	221	234	240	273	273	180	190	185	185
L0163_356	L0163	213	215	236	242	196	196	204	208	210	216	201	221	234	240	273	273	180	190	185	185
L0163_357	L0163	213	215	236	242	196	196	204	208	210	216	201	221	234	240	273	273	180	190	185	185
L0163_358	L0163	213	215	236	242	196	196	204	208	210	216	201	221	234	240	273	273	180	190	185	185
L0163_359	L0163	213	215	236	242	196	196	204	208	210	216	201	221	234	240	273	273	180	190	185	185
L0922_360	L0922	213	213	226	238	192	194	200	208	202	220	201	213	236	240	273	273	180	190	185	185
L0922_361	L0922	207	213	238	238	190	194	200	208	210	210	199	201	234	236	269	273	190	190	185	193
L0922_362	L0922	215	217	226	234	192	196	204	206	228	238	199	201	236	236	273	273	190	190	185	191
L0922_363	L0922	215	217	226	234	192	196	204	206	228	238	199	201	236	236	273	273	190	190	185	191
L0922_364	L0922	207	213	238	238	190	194	200	208	210	210	199	201	234	236	269	273	190	190	185	193
L0922_365	L0922	207	213	238	238	190	194	200	208	210	210	199	201	234	236	269	273	190	190	185	193
L0922_366	L0922	213	215	236	238	192	194	204	204	220	220	199	201	236	242	273	273	190	190	185	189
L0931_367	L0931	213	215	240	242	192	194	200	206	202	202	199	201	242	244	271	271	172	182	185	191
L0931_368	L0931	213	215	240	242	192	194	200	206	202	202	199	201	242	244	271	271	172	182	185	191
L0931_369	L0931	213	215	240	242	192	194	200	206	202	202	199	201	242	244	271	271	172	182	185	191
L0931_370	L0931	213	215	226	238	194	194	200	206	210	222	199	201	236	236	273	273	190	190	185	191
L0931_371	L0931	213	213	226	238	194	194	200	206	210	210	199	199	236	236	273	273	190	190	185	191
L0931_372	L0931	213	217	240	248	190	190	200	212	202	210	201	205	240	244	271	271	180	190	191	191
L0931_373	L0931	213	215	240	242	192	194	200	206	202	202	199	201	242	244	271	271	172	182	185	191
L0931_374	L0931	213	215	236	242	196	196	204	208	210	216	201	221	234	240	273	273	180	190	185	185
L0931_376	L0931	213	215	240	242	192	194	200	206	202	202	199	201	242	244	271	271	172	182	185	191
L0931_377	L0931	213	215	240	242	192	194	200	206	202	202	199	201	242	244	271	271	172	182	185	191
L0931_378	L0931	213	215	226	238	194	194	200	206	210	222	199	201	236	236	273	273	190	190	185	191
L0938_379	L0938	213	215	236	238	194	198	196	196	212	212	199	201	234	236	273	273	190	190	185	191
L0938_380	L0938	213	213	238	250	190	194	192	196	212	212	199	199	236	238	273	273	172	180	185	189
L0938_381	L0938	213	215	236	238	194	198	196	196	212	212	199	201	234	236	273	273	190	190	185	191
L0938_382	L0938	213	215	236	238	194	198	196	196	212	212	199	201	234	236	273	273	190	190	185	191
L0938_383	L0938	213	215	236	238	194	198	196	196	212	212	199	201	234	236	273	273	190	190	185	191
L0938_384	L0938	213	215	236	238	194	198	196	196	212	212	199	201	234	236	273	273	190	190	185	191
L0938_385	L0938	213	213	234	238	190	196	192	196	202	212	199	199	238	242	273	273	182	190	191	191
L0938_386	L0938	213	213	238	250	190	194	192	196	212	212	199	199	236	238	273	273	172	180	185	189
L0938_387	L0938	213	213	238	250	190	194	192	196	212	212	199	199	236	238	273	273	172	180	185	189
L0938_388	L0938	213	213	238	250	190	194	192	196	212	212	199	199	236	238	273	273	172	180	185	189
L0938_389	L0938	213	215	236	238	194	198	196	196	212	212	199	201	234	236	273	273	190	190	185	191
L0938_390	L0938	213	213	234	238	190	196	192	196	202	212	199	199	238	242	273	273	182	190	191	191
L0938_391	L0938	213	213	238	250	190	194	192	196	212	212	199	199	236	238	273	273	172	180	185	189
L0938_392	L0938	213	213	234	238	190	196	192	196	202	212	199	199	238	242	273	273	182	190	191	191
L0938_393	L0938	213	213	238	250	190	194	192	196	212	212	199	199	236	238	273	273	172	180	185	189
L0938_394	L0938	213	213	238	250	190	194	192	196	212	212	199	199	236	238	273	273	172	180	185	189
L0938_395	L0938	213	213	238	250	190	194	192	196	212	212	199	199	236	238	273	273	172	180	185	189
L0938_396	L0938	213	213	234	238	190	196	192	196	202	212	199	199	238	242	273	273	182	190	191	191
L0938_397	L0938	213	215	228	250	190	194	196	196	214	220	199	201	236	238	271	271	190	196	187	191
L0938_398	L0938	213	215	228	250	190	194	196	196	214	220	199	201	236	238	271	271	190	196	187	191
L0938_399	L0938	213	213	238	250	190	194	192	196	212	212	199	199	236	238	273	273	172	180	185	189
L0938_400	L0938	213	213	226	238	194	194	196	196	210	212	199	199	234	238	273	273	182	190	185	191
L0938_401	L0938	213	213	238	250	190	194	192	196	212	212	199	199	236	238	273	273	172	180	185	189
L0938_402	L0938	213	213	238	250	190	194	192	196	212	212	199	199	236	238	273	273	172	180	185	189
L0938_403	L0938	215	231	240	242	192	194	200	204	212	220	199	199	236	236	273	273	170	190	181	185
L0938_404	L0938	213	215	236	238	194	198	196	196	212	212	199	201	234	236	273	273	190	190	185	191
L0938_405	L0938	213	213	226	238	194	194	196	196	210	212	199	199	234	238	273	273	182	190	185	191
L0938_406	L0938	215	231	240	242	192	194	200	204	212	220	199	199	236	236	273	273	170	190	181	185
L0938_407	L0938	213	215	236	238	194	198	196	196	212	212	199	201	234	236	273	273	190	190	185	191
L0938_408	L0938	213	215	236	238	194	198	196	196	212	212	199	201	234	236	273	273	190	190	185	191
L0938_409	L0938	213	215	236	238	194	198	196	196	212	212	199	201	234	236	273	273	190	190	185	191
L0938_410	L0938	213	215	236	238	194	198	196	196	212	212	199	201	234	236	273	273	190	190	185	191
L0938_411	L0938	213	215	236	238	194	198	196	196	212	212	199	201	234	236	273	273	190	190	185	191
L0938_412	L0938	213	213	234	238	190	196	192	196	202	212	199	199	238	242	273	273	182	190	191	191
L0938_413	L0938	213	213	234	238	190	196	192	196	202	212	199	199	238	242	273	273	182	190	191	191
L0938_414	L0938	213	213	234	238	190	196	192	196	202	212	199	199	238	242	273	273	182	190	191	191
L0938_415	L0938	213	213	238	250	190	194	192	196	212	212	199	199	236	238	273	273	172	180	185	189
L0938_416	L0938	213	213	238	250	190	194	192	196	212	212	199	199	236	238	273	273	172	180	185	189
L0938_417	L0938	213	215	240	242	190	194	192	192	206	206	201	201	238	244	269	273	180	190	185	187
L0938_418	L0938	213	213	234	238	190	196	192	196	202	212	199	199	238	242	273	273	182	190	191	191
L0938_419	L0938	213	213	238	250	190	194	192	196	212	212	199	199	236	238	273	273	172	180	185	189
L0938_420	L0938	213	213	234	238	190	196	192	196	202	212	199	199	238	242	273	273	182	190	191	191
L0938_421	L0938	213	213	238	250	190	194	192	196	212	212	199	199	236	238	273	273	172	180	185	189
L0938_422	L0938	213	215	236	238	194	198	196	196	212	212	199	201	234	236	273	273	190	190	185	191
L0938_423	L0938	213	213	238	250	190	194	192	196	212	212	199	199	236	238	273	273	172	180	185	189
L0938_424	L0938	213	213	238	250	190	194	192	196	212	212	199	199	236	238	273	273	172	180	185	189
L0938_425	L0938	213	213	238	250	190	194	192	196	212	212	199	199	236	238	273	273	172	180	185	189
L0938_426	L0938	213	213	234	238	190	196	192	196	202	212	199	199	238	242	273	273	182	190	191	191
L0938_427	L0938	213	213	238	250	190	194	192	196	212	212	199	199	236	238	273	273	172	180	185	189
L0938_428	L0938	213	215	234	238	188	194	248	252	212	220	199	201	240	244	273	273	190	190	185	189
L0942_429	L0942	215	217	240	240	194	198	208	240	202	210	205	221	234	236	271	275	190	190	185	191
L0942_430	L0942	215	217	240	242	194	194	204	208	210	222	205	221	240	244	273	275	180	190	185	191
L0942_431	L0942	215	217	240	242	194	194	204	208	210	222	205	221	240	244	273	275	180	190	185	191
L0942_432	L0942	215	217	240	242	194	194	204	208	210	222	205	221	240	244	273	275	180	190	185	191
L0942_433	L0942	215	217	240	242	194	194	204	208	210	222	205	221	240	244	273	275	180	190	185	191
L0942_434	L0942	215	217	240	242	194	194	204	208	210	222	205	221	240	244	273	275	180	190	185	191
L0942_435	L0942	215	217	240	240	194	198	208	240	202	210	205	221	234	236	271	275	190	190	185	191
L0942_436	L0942	215	217	240	242	194	194	204	208	210	222	205	221	240	244	273	275	180	190	185	191
L0942_437	L0942	215	217	240	242	194	194	204	208	210	222	205	221	240	244	273	275	180	190	185	191
L0942_438	L0942	215	217	240	240	194	198	208	240	202	210	205	221	234	236	271	275	190	190	185	191
L0942_439	L0942	215	217	240	240	194	198	208	240	202	210	205	221	234	236	271	275	190	190	185	191
L0942_440	L0942	215	217	240	240	194	198	208	240	202	210	205	221	234	236	271	275	190	190	185	191
L0942_441	L0942	215	217	240	240	194	198	208	240	202	210	205	221	234	236	271	275	190	190	185	191
L0942_442	L0942	215	217	240	240	194	198	208	240	202	210	205	221	234	236	271	275	190	190	185	191
L0942_443	L0942	215	217	240	240	194	198	208	240	202	210	205	221	234	236	271	275	190	190	185	191
L0942_444	L0942	215	217	240	240	194	198	208	240	202	210	205	221	234	236	271	275	190	190	185	191
L0942_445	L0942	215	217	240	240	194	198	208	240	202	210	205	221	234	236	271	275	190	190	185	191
L0942_446	L0942	215	217	240	240	194	198	208	240	202	210	205	221	234	236	271	275	190	190	185	191
L0942_447	L0942	215	217	240	240	194	198	208	240	202	210	205	221	234	236	271	275	190	190	185	191
L0942_448	L0942	215	217	240	240	194	198	208	240	202	210	205	221	234	236	271	275	190	190	185	191
L0942_449	L0942	215	217	240	240	194	198	208	240	202	210	205	221	234	236	271	275	190	190	185	191
L0942_450	L0942	215	217	240	242	194	194	204	208	210	222	205	221	240	244	273	275	180	190	185	191
L0942_451	L0942	215	217	240	240	194	198	208	240	202	210	205	221	234	236	271	275	190	190	185	191
L0942_452	L0942	215	217	240	240	194	198	208	240	202	210	205	221	234	236	271	275	190	190	185	191
L0942_453	L0942	215	217	240	240	194	198	208	240	202	210	205	221	234	236	271	275	190	190	185	191
L0942_454	L0942	215	217	240	240	194	198	208	240	202	210	205	221	234	236	271	275	190	190	185	191
L0942_455	L0942	215	217	240	240	194	198	208	240	202	210	205	221	234	236	271	275	190	190	185	191
L0942_456	L0942	215	217	240	242	194	194	204	208	210	222	205	221	240	244	273	275	180	190	185	191
L0942_457	L0942	215	217	240	242	194	194	204	208	210	222	205	221	240	244	273	275	180	190	185	191
L0942_458	L0942	215	217	240	242	194	194	204	208	210	222	205	221	240	244	273	275	180	190	185	191
L0942_459	L0942	215	217	240	240	194	198	208	240	202	210	205	221	234	236	271	275	190	190	185	191
L0942_460	L0942	215	217	240	242	194	194	204	208	210	222	205	221	240	244	273	275	180	190	185	191
L0942_461	L0942	215	217	240	240	194	198	208	240	202	210	205	221	234	236	271	275	190	190	185	191
L0942_462	L0942	215	217	240	240	194	198	208	240	202	210	205	221	234	236	271	275	190	190	185	191
L0942_463	L0942	215	217	240	240	194	198	208	240	202	210	205	221	234	236	271	275	190	190	185	191
L0942_464	L0942	215	217	240	240	194	198	208	240	202	210	205	221	234	236	271	275	190	190	185	191
L0942_465	L0942	215	217	240	240	194	198	208	240	202	210	205	221	234	236	271	275	190	190	185	191
L0942_466	L0942	215	217	240	240	194	198	208	240	202	210	205	221	234	236	271	275	190	190	185	191
L0942_467	L0942	215	217	240	240	194	198	208	240	202	210	205	221	234	236	271	275	190	190	185	191
L0942_468	L0942	215	217	240	242	194	194	204	208	210	222	205	221	240	244	273	275	180	190	185	191
L0942_469	L0942	215	217	240	240	194	198	208	240	202	210	205	221	234	236	271	275	190	190	185	191
L0942_470	L0942	215	217	240	240	194	198	208	240	202	210	205	221	234	236	271	275	190	190	185	191
L0942_471	L0942	215	217	240	240	194	198	208	240	202	210	205	221	234	236	271	275	190	190	185	191
L0942_472	L0942	215	217	240	240	194	198	208	240	202	210	205	221	234	236	271	275	190	190	185	191
L0942_473	L0942	215	217	240	240	194	198	208	240	202	210	205	221	234	236	271	275	190	190	185	191
L0942_474	L0942	215	217	240	240	194	198	208	240	202	210	205	221	234	236	271	275	190	190	185	191
L0942_475	L0942	215	217	240	240	194	198	208	240	202	210	205	221	234	236	271	275	190	190	185	191
L0990_476	L0990	213	215	234	240	190	192	196	206	216	220	199	199	234	234	273	273	190	190	189	189
L0990_477	L0990	213	217	222	238	190	194	204	204	210	216	201	205	236	242	273	273	180	190	185	187
L0990_478	L0990	213	213	226	240	186	194	196	196	202	212	203	221	234	240	271	273	190	190	183	189
L0990_479	L0990	213	215	234	240	190	192	196	206	216	220	199	199	234	234	273	273	190	190	189	189
L0990_480	L0990	213	215	234	240	190	192	196	206	216	220	199	199	234	234	273	273	190	190	189	189
L0990_481	L0990	213	215	234	240	190	192	196	206	216	220	199	199	234	234	273	273	190	190	189	189
L0990_482	L0990	213	215	234	240	190	192	196	206	216	220	199	199	234	234	273	273	190	190	189	189
L0990_483	L0990	213	215	234	240	190	192	196	206	216	220	199	199	234	234	273	273	190	190	189	189
L0990_484	L0990	213	215	244	246	190	194	196	208	210	214	201	219	236	242	271	275	190	190	189	189
L0990_485	L0990	213	213	226	240	186	194	196	196	202	212	203	221	234	240	271	273	190	190	183	189
L0990_486	L0990	213	215	244	246	190	194	196	208	210	214	201	219	236	242	271	275	190	190	189	189
L0990_487	L0990	213	213	226	240	186	194	196	196	202	212	203	221	234	240	271	273	190	190	183	189
L0990_488	L0990	213	215	234	240	190	192	196	206	216	220	199	199	234	234	273	273	190	190	189	189
L0990_489	L0990	213	215	234	240	190	192	196	206	216	220	199	199	234	234	273	273	190	190	189	189
L0990_490	L0990	213	215	244	246	190	194	196	208	210	214	201	219	236	242	271	275	190	190	189	189
L0990_491	L0990	213	215	234	240	190	192	196	206	216	220	199	199	234	234	273	273	190	190	189	189
L0990_492	L0990	213	213	226	240	186	194	196	196	202	212	203	221	234	240	271	273	190	190	183	189
L0990_493	L0990	213	215	234	240	190	192	196	206	216	220	199	199	234	234	273	273	190	190	189	189
L0990_494	L0990	213	215	234	240	190	192	196	206	216	220	199	199	234	234	273	273	190	190	189	189
L0990_495	L0990	213	213	226	240	186	194	196	196	202	212	203	221	234	240	271	273	190	190	183	189
L0990_496	L0990	213	213	226	240	186	194	196	196	202	212	203	221	234	240	271	273	190	190	183	189
L0990_497	L0990	213	215	234	240	190	192	196	206	216	220	199	199	234	234	273	273	190	190	189	189
L0990_498	L0990	213	215	234	240	190	192	196	206	216	220	199	199	234	234	273	273	190	190	189	189
L0990_499	L0990	213	215	244	246	190	194	196	208	210	214	201	219	236	242	271	275	190	190	189	189
L0990_500	L0990	213	215	234	240	190	192	196	206	216	220	199	199	234	234	273	273	190	190	189	189
L0990_501	L0990	213	213	226	240	186	194	196	196	202	212	203	221	234	240	271	273	190	190	183	189
L0990_502	L0990	213	213	226	240	186	194	196	196	202	212	203	221	234	240	271	273	190	190	183	189
L0990_503	L0990	213	213	226	240	186	194	196	196	202	212	203	221	234	240	271	273	190	190	183	189
L0990_504	L0990	213	217	222	238	190	194	204	204	210	216	201	205	236	242	273	273	180	190	185	187
L0990_505	L0990	213	217	222	238	190	194	204	204	210	216	201	205	236	242	273	273	180	190	185	187
L0990_506	L0990	213	213	238	238	192	192	204	204	202	214	201	201	236	236	269	273	190	190	185	191
L0990_507	L0990	213	217	222	238	190	194	204	204	210	216	201	205	236	242	273	273	180	190	185	187
L0990_508	L0990	213	215	234	240	190	192	196	206	216	220	199	199	234	234	273	273	190	190	189	189
L0990_509	L0990	213	213	226	240	186	194	196	196	202	212	203	221	234	240	271	273	190	190	183	189
L0990_510	L0990	213	213	238	238	192	192	204	204	202	214	201	201	236	236	269	273	190	190	185	191
L0990_511	L0990	213	217	222	238	190	194	204	204	210	216	201	205	236	242	273	273	180	190	185	187
L0990_512	L0990	213	217	222	238	190	194	204	204	210	216	201	205	236	242	273	273	180	190	185	187
L0990_513	L0990	213	215	234	240	190	192	196	206	216	220	199	199	234	234	273	273	190	190	189	189
L0990_514	L0990	213	215	234	240	190	192	196	206	216	220	199	199	234	234	273	273	190	190	189	189
L0990_515	L0990	213	213	226	240	186	194	196	196	202	212	203	221	234	240	271	273	190	190	183	189
L0990_516	L0990	213	213	238	238	192	192	204	204	202	214	201	201	236	236	269	273	190	190	185	191
L0990_517	L0990	213	213	226	240	186	194	196	196	202	212	203	221	234	240	271	273	190	190	183	189
L0990_518	L0990	213	213	226	240	186	194	196	196	202	212	203	221	234	240	271	273	190	190	183	189
L0990_519	L0990	213	215	234	240	190	192	196	206	216	220	199	199	234	234	273	273	190	190	189	189
L0990_520	L0990	213	215	234	240	190	192	196	206	216	220	199	199	234	234	273	273	190	190	189	189
L0990_521	L0990	213	215	234	240	190	192	196	206	216	220	199	199	234	234	273	273	190	190	189	189
L0990_522	L0990	213	215	244	246	190	194	196	208	210	214	201	219	236	242	271	275	190	190	189	189
L0990_523	L0990	213	215	234	240	190	192	196	206	216	220	199	199	234	234	273	273	190	190	189	189
L0990_524	L0990	213	213	226	240	186	194	196	196	202	212	203	221	234	240	271	273	190	190	183	189
L0990_525	L0990	213	215	234	240	190	192	196	206	216	220	199	199	234	234	273	273	190	190	189	189
L0991_526	L0991	213	213	238	238	192	192	204	204	202	214	201	201	236	236	269	273	190	190	185	191
L0991_527	L0991	213	213	238	238	192	192	204	204	202	214	201	201	236	236	269	273	190	190	185	191
L0991_528	L0991	213	213	238	238	192	192	204	204	202	214	201	201	236	236	269	273	190	190	185	191
L0991_529	L0991	213	213	238	238	192	192	204	204	202	214	201	201	236	236	269	273	190	190	185	191
L0991_530	L0991	213	213	238	238	192	192	204	204	202	214	201	201	236	236	269	273	190	190	185	191
L0991_531	L0991	213	213	238	238	192	192	204	204	202	214	201	201	236	236	269	273	190	190	185	191
L0991_532	L0991	213	215	244	246	190	194	196	208	210	214	201	219	236	242	271	275	190	190	189	189
L0991_533	L0991	213	215	244	246	190	194	196	208	210	214	201	219	236	242	271	275	190	190	189	189
L0991_534	L0991	213	215	244	246	190	194	196	208	210	214	201	219	236	242	271	275	190	190	189	189
L0991_535	L0991	213	213	238	238	192	192	204	204	202	214	201	201	236	236	269	273	190	190	185	191
L0991_536	L0991	213	213	238	238	192	192	204	204	202	214	201	201	236	236	269	273	190	190	185	191
L0991_537	L0991	213	215	244	246	190	194	196	208	210	214	201	219	236	242	271	275	190	190	189	189
L0991_538	L0991	213	213	238	238	192	192	204	204	202	214	201	201	236	236	269	273	190	190	185	191
L0991_539	L0991	213	215	244	246	190	194	196	208	210	214	201	219	236	242	271	275	190	190	189	189
L0991_540	L0991	213	215	244	246	190	194	196	208	210	214	201	219	236	242	271	275	190	190	189	189
L0991_541	L0991	213	215	244	246	190	194	196	208	210	214	201	219	236	242	271	275	190	190	189	189
L0991_542	L0991	213	215	244	246	190	194	196	208	210	214	201	219	236	242	271	275	190	190	189	189
L0991_543	L0991	213	213	238	238	192	192	204	204	202	214	201	201	236	236	269	273	190	190	185	191
L0991_544	L0991	213	215	244	246	190	194	196	208	210	214	201	219	236	242	271	275	190	190	189	189
L0991_545	L0991	213	215	244	246	190	194	196	208	210	214	201	219	236	242	271	275	190	190	189	189
L0991_546	L0991	213	215	244	246	190	194	196	208	210	214	201	219	236	242	271	275	190	190	189	189
L0991_547	L0991	213	213	238	238	192	192	204	204	202	214	201	201	236	236	269	273	190	190	185	191
L0991_548	L0991	213	213	238	238	192	192	204	204	202	214	201	201	236	236	263	265	190	190	185	191
L0991_549	L0991	213	213	238	238	192	192	204	204	202	214	201	201	236	236	269	273	190	190	185	191
L0991_550	L0991	213	213	238	238	192	192	204	204	202	214	201	201	236	236	263	265	190	190	185	191
L0991_551	L0991	213	215	244	246	190	194	196	208	210	214	201	219	236	242	271	275	190	190	189	189
L0991_552	L0991	213	213	238	238	192	192	204	204	202	214	201	201	236	236	269	273	190	190	185	191
L0991_553	L0991	213	213	238	238	192	192	204	204	202	214	201	201	236	236	269	273	190	190	185	191
L0991_554	L0991	213	213	238	238	192	192	204	204	202	214	201	201	236	236	269	273	190	190	185	191
L0991_555	L0991	213	215	244	246	190	194	196	208	210	214	201	219	236	242	271	275	190	190	189	189
L0991_556	L0991	213	215	244	246	190	194	196	208	210	214	201	219	236	242	271	275	190	190	189	189
L0991_557	L0991	213	213	238	238	192	192	204	204	202	214	201	201	236	236	269	273	190	190	185	191
L0991_558	L0991	213	213	238	238	192	192	204	204	202	214	201	201	236	236	269	273	190	190	185	191
L0991_559	L0991	213	213	226	240	186	194	196	196	202	212	203	221	234	240	271	273	190	190	183	189
L0991_560	L0991	213	215	244	246	190	194	196	208	210	214	201	219	236	242	271	275	190	190	189	189
L0991_561	L0991	213	215	242	244	190	194	196	208	210	214	201	219	236	242	263	265	190	190	189	189
L0991_562	L0991	213	213	238	238	192	192	204	204	202	214	201	201	236	236	269	273	190	190	185	191
L0991_563	L0991	213	215	244	246	190	194	196	208	210	214	201	219	236	242	271	275	190	190	189	189
L0991_564	L0991	213	215	244	246	190	194	196	208	210	214	201	219	236	242	271	275	190	190	189	189
L0991_565	L0991	213	213	238	238	192	192	204	204	202	214	201	201	236	236	269	273	190	190	185	191
L0991_566	L0991	213	213	238	238	192	192	204	204	202	214	201	201	236	236	269	273	190	190	185	191
L0991_567	L0991	213	215	244	246	190	194	196	208	210	214	201	219	236	242	271	275	190	190	189	189
L0991_568	L0991	213	215	244	246	190	194	196	208	210	214	201	219	236	242	263	265	190	190	189	189
L0991_569	L0991	213	215	244	246	190	194	196	208	210	214	201	219	236	242	271	275	190	190	189	189
